        27.0096511         15.1011461        -16.6928824         24.4341677
        28.3974724         14.3631335        -17.5506031         23.2400382
        29.8566034         13.6611885        -18.4523957         22.1042674
        31.3907080         12.9935485        -19.4005245         21.0240032
        33.0036386         12.3585370        -20.3973704         19.9965329
        34.6994455         11.7545592        -21.4454367         19.0192764
        36.4823871         11.1800987        -22.5473552         18.0897797
        38.3569405         10.6337127        -23.7058930         17.2057087
        40.3278131         10.1140294        -24.9239592         16.3648434
        42.3999538          9.6197437        -26.2046126         15.5650722
        44.5785662          9.1496143        -27.5510691         14.8043870
        46.8691209          8.7024608        -28.9667098         14.0808774
        49.2773699          8.2771603        -30.4550895         13.3927266
        51.8093606          7.8726447        -32.0199458         12.7382067
        54.4714510          7.4878983        -33.6652082         12.1156740
        57.2703262          7.1219550        -35.3950081         11.5235653
        60.2130143          6.7738958        -37.2136894         10.9603937
        63.3069049          6.4428468        -39.1258189         10.4247451
        66.5597670          6.1279765        -41.1361983          9.9152742
        26.7298933         15.2591963        -16.5199826         24.6898982
        28.1033400         14.5134595        -17.3688193         23.4832708
        29.5473577         13.8041680        -18.2612713         22.3356129
        31.0655725         13.1295404        -19.1995797         21.2440426
        32.6617969         12.4878827        -20.1861006         20.2058186
        34.3400391         11.8775837        -21.2233114         19.2183341
        36.1045135         11.2971107        -22.3138165         18.2791092
        37.9596509         10.7450063        -23.4603545         17.3857854
        39.9101098         10.2198839        -24.6658043         16.5361195
        41.9607879          9.7204249        -25.9331931         15.7279779
        44.1168348          9.2453751        -27.2657034         14.9593312
        46.3836647          8.7935417        -28.6666813         14.2282493
        48.7669698          8.3637899        -30.1396449         13.5328963
        51.2727348          7.9550406        -31.6882928         12.8715261
        53.9072522          7.5662675        -33.3165141         12.2424779
        56.6771374          7.1964941        -35.0283973         11.6441721
        59.5893461          6.8447921        -36.8282412         11.0751063
        62.6511910          6.5102783        -38.7205655         10.5338515
        65.8703610          6.1921125        -40.7101220         10.0190485
        26.4530331         15.4189006        -16.3488736         24.9483052
        27.8122540         14.6653589        -17.1889183         23.7290492
        29.2413150         13.9486438        -18.0721266         22.5693798
        30.7438047         13.2669555        -19.0007162         21.4663849
        32.3234958         12.6185822        -19.9770191         20.4172948
        33.9843554         12.0018957        -21.0034867         19.4194751
        35.7305539         11.4153475        -22.0826967         18.4704202
        37.5664763         10.8574646        -23.2173592         17.5677468
        39.4967329         10.3268462        -24.4103234         16.7091882
        41.5261707          9.8221599        -25.6645849         15.8925885
        43.6598860          9.3421382        -26.9832935         15.1158971
        45.9032367          8.8855758        -28.3697605         14.3771636
        48.2618562          8.4513262        -29.8274675         13.6745330
        50.7416673          8.0382989        -31.3600750         13.0062408
        53.3488971          7.6454568        -32.9714317         12.3706089
        56.0900927          7.2718134        -34.6655837         11.7660412
        58.9721376          6.9164304        -36.4467854         11.1910195
        62.0022689          6.5784155        -38.3195096         10.6440999
        65.1880957          6.2569198        -40.2884588         10.1239089
        26.1790406         15.5802764        -16.1795369         25.2094168
        27.5241831         14.8188481        -17.0108807         23.9773999
        28.9384423         14.0946317        -17.8849409         22.8055932
        30.4253696         13.4058088        -18.8039125         21.6910543
        31.9886988         12.7506495        -19.7701031         20.6309843
        33.6323556         12.1275088        -20.7859389         19.6227214
        35.3604676         11.5348217        -21.8539708         18.6637335
        37.1773741         10.9711000        -22.9768808         17.7516127
        39.0876376         10.4349281        -24.1574886         16.8840683
        41.0960551          9.9249596        -25.3987589         16.0589220
        43.2076700          9.4399140        -26.7038087         15.2741016
        45.4277848          8.9785731        -28.0759150         14.5276365
        47.7619745          8.5397786        -29.5185236         13.8176520
        50.2161004          8.1224285        -31.0352568         13.1423655
        52.7963253          7.7254749        -32.6299235         12.5000810
        55.5091284          7.3479209        -34.3065281         11.8891858
        58.3613220          6.9888185        -36.0692806         11.3081459
        61.3600681          6.6472659        -37.9226076         10.7555021
        64.5128971          6.3224054        -39.8711631         10.2298668
        25.9078860         15.7433412        -16.0119541         25.4732611
        27.2390959         14.9739437        -16.8346871         24.2283498
        28.6387067         14.2421476        -17.6996941         23.0442789
        30.1102328         13.5461154        -18.6091473         21.9180751
        31.6573695         12.8840992        -19.5653303         20.8469103
        33.2840019         12.2544365        -20.5706444         19.8280948
        34.9942145         11.6555463        -21.6276140         18.8590701
        36.7923020         11.0859246        -22.7388932         17.9374029
        38.6827797         10.5441411        -23.9072726         17.0607787
        40.6703946         10.0288353        -25.1356862         16.2269963
        42.7601380          9.5387131        -26.4272187         15.4339620
        44.9572575          9.0725438        -27.7851132         14.6796842
        47.2672703          8.6291568        -29.2127796         13.9622690
        49.6959772          8.2074387        -30.7138030         13.2799148
        52.2494769          7.8063305        -32.2919526         12.6309082
        54.9341816          7.4248250        -33.9511914         12.0136193
        57.7568330          7.0619642        -35.6956859         11.4264981
        60.7245190          6.7168369        -37.5298167         10.8680703
        63.8446919          6.3885763        -39.4581896         10.3369336
        67.1251869          6.0763583        -41.4856470          9.8317543
        26.9569616         15.1306625        -16.6603185         24.4819262
        28.3420756         14.3912074        -17.5163660         23.2854627
        29.7983601         13.6878904        -18.4163993         22.1474719
        31.3294720         13.0189455        -19.3626786         21.0650963
        32.9392562         12.3826927        -20.3575799         20.0356177
        34.6317550         11.7775345        -21.4036017         19.0564511
        36.4112185         11.2019511        -22.5033706         18.1251376
        38.2821151         10.6544972        -23.6596483         17.2393386
        40.2491429         10.1337981        -24.8753383         16.3968297
        42.3172414          9.6385462        -26.1534935         15.5954954
        44.4916038          9.1674980        -27.4973234         14.8333233
        46.7776902          8.7194705        -28.9102025         14.1083996
        49.1812413          8.2933386        -30.3956787         13.4189038
        51.7082926          7.8880324        -31.9574823         12.7631045
        54.3651899          7.5025340        -33.5995352         12.1393551
        57.1586051          7.1358755        -35.3259607         11.5460890
        60.0955527          6.7871360        -37.1410942         10.9818167
        63.1834079          6.4554398        -39.0494936         10.4451211
        66.4299244          6.1399541        -41.0559512          9.9346544
        26.6777495         15.2890216        -16.4877559         24.7381566
        28.0485169         14.5418273        -17.3349368         23.5291708
        29.4897176         13.8311493        -18.2256478         22.3792697
        31.0049708         13.1552031        -19.1621258         21.2855657
        32.5980813         12.5122913        -20.1467222         20.2453125
        34.2730497         11.9007993        -21.1819096         19.2558978
        36.0340820         11.3191918        -22.2702875         18.3148371
        37.8856005         10.7660083        -23.4145888         17.4197673
        39.8322544         10.2398595        -24.6176871         16.5684407
        41.8789322          9.7394243        -25.8826035         15.7587195
        44.0307732          9.2634460        -27.2125144         14.9885704
        46.2931810          8.8107293        -28.6107593         14.2560595
        48.6718368          8.3801376        -30.0808494         13.5593474
        51.1727137          7.9705894        -31.6264764         12.8966845
        53.8020917          7.5810563        -33.2515213         12.2664068
        56.5665735          7.2105603        -34.9600651         11.6669316
        59.4731011          6.8581708        -36.7563979         11.0967535
        62.5289732          6.5230031        -38.6450307         10.5544408
        65.7418633          6.2042155        -40.6307060         10.0386316
        26.4014294         15.4490381        -16.3169807         24.9970687
        27.7579988         14.6940235        -17.1553867         23.7754295
        29.1842720         13.9759075        -18.0368721         22.6134934
        30.6838307         13.2928868        -18.9636502         21.5083427
        32.2604402         12.6432462        -19.9380485         20.4572021
        33.9180598         12.0253543        -20.9625138         19.4574321
        35.6608519         11.4376597        -22.0396185         18.5065221
        37.4931929         10.8786864        -23.1720675         17.6020844
        39.4196840         10.3470309        -24.3627045         16.7418477
        41.4451628          9.8413581        -25.6145193         15.9236519
        43.5747157          9.3603981        -26.9306554         15.1454423
        45.8136902          8.9029433        -28.3144177         14.4052649
        48.1677086          8.4678449        -29.7692811         13.7012609
        50.6426822          8.0540104        -31.2988989         13.0316625
        53.2448259          7.6604004        -32.9071121         12.3947883
        55.9806740          7.2860267        -34.5979593         11.7890389
        58.8570967          6.9299492        -36.3756862         11.2128933
        61.8813169          6.5912736        -38.2447571         10.6649046
        65.0609289          6.2691495        -40.2098654         10.1436969
        26.1279714         15.6107293        -16.1479744         25.2586906
        27.4704898         14.8478127        -16.9776964         24.0242656
        28.8819902         14.1221808        -17.8500516         22.8501686
        30.3660168         13.4320115        -18.7672305         21.7334512
        31.9262963         12.7755717        -19.7315363         20.6713092
        33.5667468         12.1512129        -20.7453904         19.6610755
        35.2914875         11.5573674        -21.8113388         18.7002133
        37.1048497         10.9925439        -22.9320582         17.7863096
        39.0113868         10.4553240        -24.1103630         16.9170696
        41.0158863          9.9443587        -25.3492118         16.0903104
        43.1233819          9.4583650        -26.6517158         15.3039561
        45.3391658          8.9961225        -28.0211455         14.5560319
        47.6688020          8.5564703        -29.4609398         13.8446597
        50.1181405          8.1383045        -30.9747143         13.1680533
        52.6933320          7.7405750        -32.5662702         12.5245134
        55.4008431          7.3622830        -34.2396040         11.9124242
        58.2474726          7.0024787        -35.9989178         11.3302486
        61.2403689          6.6602585        -37.8486295         10.7765246
        64.3870474          6.3347630        -39.7933837         10.2498619
        25.8573457         15.7741128        -15.9807185         25.5230506
        27.1859588         15.0032114        -16.8018465         24.2757060
        28.5828392         14.2699850        -17.6651661         23.0893208
        30.0514947         13.5725923        -18.5728452         21.9609157
        31.5956134         12.9092822        -19.5271629         20.8876573
        33.2190725         12.2783888        -20.5305159         19.8668504
        34.9259490         11.6783280        -21.5854235         18.8959316
        36.7205288         11.1075930        -22.6945349         17.9724629
        38.6073186         10.5647505        -23.8606351         17.0941254
        40.5910561         10.0484374        -25.0866523         16.2587133
        42.6767230          9.5573573        -26.3756653         15.4641289
        44.8695564          9.0902768        -27.7309109         14.7083768
        47.1750629          8.6460232        -29.1557923         13.9895594
        49.5990319          8.2234808        -30.6538875         13.3058715
        52.1475504          7.8215886        -32.2289586         12.6555963
        54.8270179          7.4393375        -33.8849605         12.0371009
        57.6441629          7.0757674        -35.6260519         11.4488321
        60.6060596          6.7299655        -37.4566048         10.8893128
        63.7201458          6.4010633        -39.3812159         10.3571380
        66.9942413          6.0882350        -41.4047182          9.8509712
        26.9043748         15.1602366        -16.6278181         24.5297781
        28.2867868         14.4193362        -17.4821957         23.3309760
        29.7402304         13.7146445        -18.3804732         22.1907609
        31.2683555         13.0443920        -19.3249065         21.1062697
        32.8749994         12.4068957        -20.3178670         20.0747789
        34.5641965         11.8005546        -21.3618482         19.0936984
        36.3401887         11.2238462        -22.4594718         18.1605646
        38.2074356         10.6753223        -23.6134938         17.2730342
        40.1706262         10.1536054        -24.8268124         16.4288787
        42.2346903          9.6573855        -26.1024741         15.6259780
        44.4048110          9.1854166        -27.4436825         14.8623162
        46.6864378          8.7365134        -28.8538054         14.1359756
        49.0853001          8.3095486        -30.3363838         13.4451321
        51.6074218          7.9034502        -31.8951407         12.7880510
        54.2591361          7.5171983        -33.5339903         12.1630824
        57.0471020          7.1498231        -35.2570480         11.5686568
        59.9783203          6.8004020        -37.0686406         11.0032815
        63.0601518          6.4680575        -38.9733171         10.4655369
        66.3003351          6.1519551        -40.9758606          9.9540725
        26.6257074         15.3189052        -16.4555922         24.7865093
        27.9938008         14.5702504        -17.3011204         23.5751604
        29.4321901         13.8581834        -18.1900938         22.4230117
        30.9444873         13.1809160        -19.1247449         21.3271701
        32.5344901         12.5367475        -20.1074207         20.2848836
        34.2061910         11.9240604        -21.1405887         19.2935350
        35.9637880         11.3413161        -22.2268433         18.3506349
        37.8116945         10.7870513        -23.3689124         17.4538156
        39.7545510         10.2598741        -24.5696637         16.6008250
        41.7972361          9.7584607        -25.8321126         15.7895211
        43.9448794          9.2815521        -27.1594291         15.0178668
        46.2028738          8.8279506        -28.5549464         14.2839241
        48.5768894          8.3965172        -30.0221687         13.5858502
        51.0728877          7.9861685        -31.5647805         12.9218921
        53.6971364          7.5958741        -33.1866554         12.2903825
        56.4562253          7.2246539        -34.8918661         11.6897355
        59.3570830          6.8715757        -36.6846948         11.1184430
        62.4069937          6.5357529        -38.5696433         10.5750703
        65.6136163          6.2163421        -40.5514450         10.0582529
        26.3499264         15.4792344        -16.2851501         25.0459274
        27.7038494         14.7227442        -17.1219206         23.8219005
        29.1273403         14.0032246        -18.0016863         22.6576933
        30.6239737         13.3188688        -18.9266566         21.5503824
        32.1975076         12.6679584        -19.8991541         20.4971873
        33.8518936         12.0488589        -20.9216208         19.4954632
        35.5912859         11.4600155        -21.9966244         18.5426946
        37.4200524         10.8999497        -23.1268642         17.6364890
        39.3427853         10.3672550        -24.3151786         16.7745709
        41.3643130          9.8605938        -25.5645513         15.9547759
        43.4897116          9.3786938        -26.8781199         15.1750453
        45.7243183          8.9203448        -28.2591829         14.4334212
        48.0737446          8.4843960        -29.7112081         13.7280411
        50.5438901          8.0697526        -31.2378420         13.0571340
        53.1409576          7.6753733        -32.8429180         12.4190149
        55.8714688          7.3002679        -34.5304667         11.8120815
        58.7422802          6.9434943        -36.3047257         11.2348098
        61.7606009          6.6041567        -38.1701505         10.6857500
        64.9340102          6.2814030        -40.1314253         10.1635236
        26.0770018         15.6412417        -16.1164734         25.3080607
        27.4169013         14.8768339        -16.9445769         24.0712229
        28.8256481         14.1497838        -17.8152303         22.8948311
        30.3067798         13.4582655        -18.7306200         21.7759310
        31.8640155         12.8005426        -19.6930446         20.7117130
        33.5012659         12.1749635        -20.7049210         19.6995047
        35.2226421         11.5799572        -21.7687900         18.7367643
        37.0324668         11.0140297        -22.8873231         17.8210744
        38.9352846         10.4757598        -24.0633293         16.9501353
        40.9358739          9.9637958        -25.2997614         16.1217602
        43.0392583          9.4768522        -26.5997245         15.3338689
        45.2507196          9.0137061        -27.9664828         14.5844828
        47.5758113          8.5731946        -29.4034684         13.8717202
        50.0203717          8.1542114        -30.9142898         13.1937913
        52.5905396          7.7557046        -32.5027410         12.5489936
        55.2927690          7.3766732        -34.1728105         11.9357080
        58.1338454          7.0161656        -35.9286923         11.3523945
        61.1209032          6.6732765        -37.7747956         10.7975882
        64.2614433          6.3471448        -39.7157561         10.2698961
        25.8069041         15.8049446        -15.9495439         25.5729375
        27.1329253         15.0325364        -16.7690701         24.3231548
        28.5270808         14.2978769        -17.6307055         23.1344507
        29.9928713         13.5991211        -18.5366139         22.0038401
        31.5339777         12.9345144        -19.4890700         20.9284839
        33.1542699         12.3023879        -20.4904656         19.9056817
        34.8578166         11.7011542        -21.5433154         18.9328652
        36.6488956         11.1293036        -22.6502632         18.0075916
        38.5320047         10.5854001        -23.8140886         17.1275372
        40.5118725         10.0680779        -25.0377141         16.2904922
        42.5934706          9.5760379        -26.3242125         15.4943548
        44.7820263          9.1080445        -27.6768144         14.7371255
        47.0830354          8.6629225        -29.0989161         14.0169031
        49.5022758          8.2395543        -30.5940890         13.3318789
        52.0458227          7.8368766        -32.1660874         12.6803326
        54.7200631          7.4538782        -33.8188589         12.0606283
        57.5317125          7.0895975        -35.5565538         11.4712098
        60.4878313          6.7431197        -37.3835357         10.9105969
        63.5958427          6.4135747        -39.3043923         10.3773819
        66.8635511          6.1001350        -41.3239472          9.8702257
        26.8518907         15.1898685        -16.5953811         24.5777235
        28.2316059         14.4475199        -17.4480920         23.3765783
        29.6822142         13.7414509        -18.3446172         22.2341346
        31.2073582         13.0698883        -19.2872081         21.1475236
        32.8108679         12.4311459        -20.2782316         20.1140167
        34.4967698         11.8236197        -21.3201762         19.1310186
        36.2692974         11.2457841        -22.4156586         18.1960609
        38.1329018         10.6961880        -23.5674294         17.3067958
        40.0922627         10.1734514        -24.7783810         16.4609902
        42.1523003          9.6762617        -26.0515543         15.6565203
        44.3181876          9.2033702        -27.3901463         14.8913658
        45.1391055          9.0359940        -27.8975014         14.6205455
